246785
286662
342557
377471
489771
504124
580709
623684
685558
775394
826511
841778
931425
1016744
1110983
1232346
1250977
1315033
1401916
1425060
1531223
1543598
1636141
1701261
1719410
1768549
1879824
1926482
1988385
2021887
2066538
2110854
2328152
2388915
2432808
2485839
2580508
2630096
2651834
2708016
2786565
2843884
2872504
2922440
3033036
3047823
3141909
3177039
3246664
3321528
3328152
3389806
3440272
3484890
3569230
3585713
3648696
3719256
3768244
3840845
3925733
3958299
4028291
4072876
4117681
4150787
4214700
4256744
4352011
4381570
4431158
4516278
4529011
4610939
4643021
4727442
4751099
4841025
4853567
4919864
5007821
5034003
5089900
5152596
5214467
5232215
5309711
5355656
5396981
5468958
5523164
5564668
5622335
5708052
5728700
5830449
5850569
5974962
6007876
6045103
6094086
6149638
6217882
6295016
6307002
6400746
6410125
6467552
6535059
6682497
6716150
6762970
6849547
6858949
6930229
6975266
7047142
7118674
7166195
7202203
7249391
7348347
7383605
7451509
7492880
7534559
7590782
7706789
7759862
7825443
7865015
7921723
8001874
8056219
8136128
8187025
8256622
8337269
8376196
8439322
8486513
8553812
8570675
8638349
8702910
8762985
8782688
8865303
8886187
8921552
9022525
9060728
9133612
9140288
9192248
9280898
9336202
9398875
9442399
9458585
9512921
9563746
9626769
9695811
9723509
9813942
9827702
9927313
9941568
9985701
10083015
10086700
10143482
10239561
10265280
10335218
10364333
10430392
10497812
10534189
10615104
10635664
10689009
10739596
10810386
10878477
10934378
10951027
11016110
11085003
11130094
11213342
11236892
11347691
11383962
11418322
11517228
11530041
11581731
11673548
11715589
11774202
11830779
11874808
11917823
12007210
12029277
12090098
12149505
12244807
12296631
12320559
12410487
12428601
12479927
12576836
12644204
12675824
12703041
12787817
12836509
12940610
12993787
13023330
13125960
13144641
13179773
13254913
13330868
13336765
13393007
13449337
13503376
13587527
13617136
13711222
13730926
13779178
13840935
13930775
13938412
14004984
14043307
14134696
14201302
14221422
14318239
14375338
14384061
14437810
14499730
14571510
14652976
14707712
14718205
14796722
14863798
14926149
14968816
15037192
15074913
15197661
15201743
15280777
15359069
15372258
15448257
15507278
15577600
15613244
15699048
15758539
15791557
15829608
15922630
15943792
16016746
16074853
16146721
16164149
16263465
16271647
16350419
16387690
16485352
16542902
16560767
16617243
16666524
16723128
16801806
16850704
16917039
16952754
17008470
17092732
17127421
17194414
17223666
17304043
17367952
17397788
17425129
17549891
17593214
17635892
17695311
17748267
17789828
17873497
17922053
17986491
18023733
18070551
18153146
18180423
18234331
18320317
18356757
18440430
18491191
18528632
18561474
18657292
18665640
18766165
18828461
18886112
18930396
18977730
19066657
19101665
19180883
19206424
19300483
19338883
19358943
19419684
19507675
19539185
19618938
19643720
19679023
19748104
19801876
19889345
19929515
19944992
20042405
20088287
20137998
20194474
20251420
20297553
20316058
20387773
20465245
20489510
20571272
20591150
20679705
20731907
20750227
20804880
20901855
20923267
21003660
21045645
21098222
21122371
21214168
21258698
21283509
21349434
21409294
21475535
21500487
21585702
21644510
21660056
21756677
21790645
21865465
21885485
21942239
22000165
22086601
22100751
22175522
22245196
22270001
22353557
22380540
22417832
22484849
22519028
22594086
22618206
22699829
22720473
22795608
22861349
22900546
22969596
22992265
23037307
23132831
23144551
23247567
23285227
23313667
23368032
23432271
23468638
23512764
23585974
23645206
23687533
23761779
23805630
23884610
23929129
24001701
24030594
24059871
24135554
24198794
24224414
24297461
24389650
24421201
24496109
24535045
24587613
24693570
24758145
24781169
24881177
24889524
24987672
25036341
25108296
25117075
25249543
25267100
25312427
25388972
25425670
25510631
25609813
25626349
25672124
10700
81716
175258
228868
306860
354056
405744
428415
478971
576049
626828
661768
708568
763263
810100
856733
915108
981830
1011615
1066889
1142502
1202128
1226953
1298706
1344000
1425093
1514796
1601334
1651762
1660410
1730103
1765505
1919683
2011838
2035508
2109750
2160601
2203163
2269023
2302534
2379330
2386521
2472645
2504314
2585685
2627442
2668164
2711126
2764659
2807787
2860992
2920913
2991988
3013131
3072847
3142684
3209107
3243349
3285312
3337811
3407727
3450451
3495891
3536716
3632976
3682874
3703668
3769217
3800582
3863597
3933976
3978209
4054784
4081538
4130457
4187936
4232882
4314730
4330191
4393509
4441323
4495886
4550320
4640269
4644976
4719518
4758358
4846215
4882624
4948100
4964626
5013426
5075066
5153847
5214666
5268045
5292064
5364917
5401905
5458014
5522437
5576046
5658597
5687737
5764986
5795890
5871498
5953604
5979285
6061238
6086679
6148588
6223952
6245280
6316185
6358415
6455441
6455969
6547863
6594953
6644778
6688760
6741963
6817363
6841721
6917681
7000207
7036807
7053203
7113863
7154195
7218361
7288761
7314663
7404674
7450301
7492542
7573176
7652079
7658752
7738484
7766079
7857875
7923003
7933603
7986021
8052645
8126416
8160585
8234034
8281022
8333199
8410015
8429222
8497811
8533519
8626793
8683112
8730718
8762043
8841288
8898883
8943916
8968845
9078168
9080236
9141014
9186049
9240064
9322967
9374153
9422451
9496206
9567316
9614090
9689012
9738883
9767665
9816254
9903826
9944307
10012668
10050380
10107586
10205715
10242987
10313730
10354475
10389516
10480155
10510632
10560242
10637505
10712464
10727791
10790901
10831757
10918473
10963640
11027338
11080003
11104854
11160274
11219217
11264426
11365912
11374319
11473211
11514795
11551159
11621581
11699323
11736189
11780252
11838031
11891668
11938535
11994848
12024833
12073887
12172701
12195166
12235789
12299522
12379189
12420249
12454181
12534618
12579547
12603510
12681246
12739715
12760843
12833787
12902763
12954402
13009085
13012731
13097070
13124437
13175375
13219494
13275649
13358983
13420883
13455546
13513994
13560431
13641449
13717462
13745476
13838740
13866671
13908760
13970739
14017131
14074746
14140572
14160697
14241880
14280311
14324311
14380157
14423421
14497075
14547003
14585119
14668705
14725853
14792792
14865330
14883847
14943852
15020461
15052966
15089935
15172522
15185235
15246353
15336548
15365990
15465166
15517264
15577102
15621429
15676391
15702662
15803658
15814231
15907524
15966110
15980088
16071180
16093902
16168303
16196455
16271209
16339020
16389130
16416816
16467160
16548461
16587140
16657525
16722109
16772739
16794581
16882816
16912077
16953732
17013262
17074848
17155801
17197731
17232805
17282155
17330679
17387068
17440942
17541089
17594886
17629766
17699687
17710530
17798722
17853450
17878918
17977477
18030409
18048496
18122971
18170223
18218377
18286340
18363567
18399379
18446210
18520025
18528249
18598308
18653416
18727693
18744650
18821682
18869442
18914541
18987760
19047774
19073251
19141226
19233951
19272724
19362660
19414293
19445187
19480158
19530232
19624452
19639785
19684563
19766904
19825885
19847806
19904970
19961752
20038805
20073519
20163000
20175042
20263273
20319990
20328643
20425708
20444522
20511500
20544252
20623367
20676428
20741720
20782077
20851317
20941831
20972410
21032603
21054975
21153688
21157478
21254774
21306601
21374554
21405062
21469420
21531205
21545412
21592386
21665483
21710310
21788371
21806262
21882507
21957556
21974238
22035403
22115735
22164042
22193350
22256786
22317035
22354655
22447613
22457117
22536027
22599164
22618392
22673069
22748553
22807823
22857677
22890810
22945211
23008113
23033337
23084791
23150827
23234395
23288631
23338713
23353968
23415481
23504933
23550236
23571160
23663305
23683981
23773865
23796428
23881324
23944306
23981721
24003196
24094291
24112609
24174480
24259155
24309717
24366247
24423730
24436996
24502325
24572302
24646598
24672404
24731044
24764208
24825047
24886512
24927982
25023878
25062142
25115372
25169829
25252636
25301316
25339301
25418473
25478917
25522249
25564657
25593622
25658898
25716610
25751333
25808467
25854127
25944012
26005204
26031740
26080154
26156682
26186353
26210892
26288439
26322247
26370545
26427722
26501839
26533218
26606836
26641772
26684960
26741885
26836043
26887937
26893773
26962723
27027396
27093245
27108388
27202619
27230752
27260154
27320544
27389690
27436204
27477041
27564513
27619045
27696431
27701760
27756239
27813879
27892115
27917765
27970419
28018511
28080784
28117454
28178988
28248254
28322112
28357502
28393405
28454493
28532955
28546041
28607583
28667561
28720955
28796951
28819237
28902537
28951637
28966555
29022632
29114332
29137709
29184802
29258958
29319569
29329981
29375722
29438999
29528688
29570816
29610505
29632978
29719049
29752888
29812360
29850520
29934648
29986217
30023036
30083263
30158848
30290517
30358135
30377031
30934
84066
145843
199252
297660
387972
394673
497715
565830
643085
738678
819929
882171
943238
1043287
1102036
1208620
1285997
1326637
1385183
1438770
1515667
1545951
1636166
1662099
1703257
1787286
1820745
1896554
1955358
2032958
2054003
2157905
2177924
2263597
2318139
2409545
2421607
2479838
2547740
2573188
2633171
2706798
2770862
2826734
2876671
2944271
2993616
3007344
3109952
3134251
3207800
3284258
3298101
3383662
3413056
3459690
3522456
3560448
3618000
3674588
3721674
3792155
3867599
3927981
3950247
4041530
4053726
4206289
4227583
4312123
4322884
4379763
4459777
4493868
4555921
4598882
4661679
4707366
4839731
4898222
4959264
5019673
5081458
5145994
5192054
5271601
5285871
5344660
5406484
5468786
5497388
5552569
5645114
5679316
5734432
5773746
5838807
5892610
5968089
6009876
6065611
6119977
6135517
6214318
6259368
6335473
6357044
6411476
6482738
6552770
6581499
6614433
6680181
6762028
6821939
6836236
6887414
6939906
7006740
7047309
7143990
7218674
7278985
7308019
7382502
7452320
7454872
7510312
7611405
7665227
7721553
7742073
7815291
7849147
7943714
7967132
8030014
8074567
8135890
8175569
8273142
8293736
8365944
8446544
8489051
8535105
8602829
8623937
8710428
8781284
8827116
8856498
8946133
8984476
9014215
9076803
9151746
9184366
9234634
9304676
9353513
9387135
9449634
9523439
9547918
9580465
9642671
9682958
9745738
9816032
9845618
9896911
9957002
10025387
10067946
10147288
10153210
10232288
10278464
10306785
10406075
10424705
10490311
10553363
10574006
10661538
10717102
10769287
10777187
10829824
10884194
10943024
11048039
11095093
11127760
11169231
11258390
11294854
11323000
11420216
11478812
11524633
11559045
11596867
11684135
11715942
11761925
11852069
11866557
11931782
11982721
12041773
12095232
12118004
12202227
12267141
12314936
12337097
12380560
12442218
12513326
12572328
12639672
12646034
12700206
12787816
12863171
12899897
12979391
13011363
13088387
13159677
13212351
13256853
13287656
13354971
13420755
13453859
13539629
13554835
13633445
13659861
13749278
13776072
13834096
13879646
13936215
13989493
14039825
14111437
14165859
14231400
14305065
14327925
14365039
14447882
14477784
14523758
14609732
14670609
14684576
14772606
14842727
14876292
14916913
14967567
15014917
15087607
15170773
15196984
15244708
15306439
15348738
15407474
15474992
15506870
15577943
15609193
15659305
15735174
15814766
15842836
15913691
15977116
16038584
16083743
16131180
16188442
16271703
16309175
16330513
16392541
16467021
16492026
16571792
16610245
16689775
16706265
16778774
16843819
16905712
16932759
16969438
17046473
17116170
17121947
17203130
17232846
17324296
17333561
17470632
17547013
17592105
17619259
17706960
17744783
17790790
17849192
17905845
17984104
18019962
18071160
18126890
18221709
18236849
18309036
18379935
18418624
18473697
18532836
18578302
18661270
18685135
18729189
18784504
18928004
18963338
19033189
19118616
19134221
19170789
19229420
19279226
19355528
19376209
19475451
19509439
19573521
19624226
19660546
19698953
19745091
19799304
19851734
19881749
20027500
20121018
20158468
20234697
20295015
20325471
20400442
20422406
20484825
20553526
20612855
20664585
20696637
20772016
20821538
20825630
20904019
20964021
20978268
21073676
21147429
21192865
21234486
21273032
21318580
21412207
21446431
21505682
21577911
21580023
21636483
21718974
21759902
21786451
21837996
21921620
21967846
22003661
22091254
22138185
22150966
22246931
22280130
22353654
22393505
22441990
22464511
22549619
22593761
22654737
22676436
22758366
22786805
22831969
22931910
22969662
22991995
23061758
23113312
23163182
23267387
23279212
23333056
23391386
23446199
45165
121922
212531
249389
311644
385713
461777
511858
595094
603689
693390
720112
788291
855971
892155
938461
984308
1048777
1116162
1151935
1215522
1263310
1348599
1372640
1461292
1486095
1562588
1583419
1660921
1711771
1748967
1803567
1865042
1907511
1966237
2017471
2091948
2110115
2188388
2249868
2302190
2326014
2373772
2465934
2490890
2524071
2594626
2676138
2703278
2772337
2829180
2852412
2887366
2935709
3028217
3051506
3124144
3183869
3229634
3271938
3315400
3396057
3439685
3482210
3527221
3613025
3621516
3706402
3732511
3788171
3831076
3915457
3951668
3979909
4056397
4125356
4182372
4211309
4283256
4320225
4383338
4406234
4488723
4509234
4558031
4606521
4690842
4716230
4806356
4846497
4865935
4951168
4992915
5026126
5113435
5158020
5194519
5274122
5283484
5378153
5397791
5441175
5497204
5569363
5633023
5652818
5705571
5766278
5825647
5885676
5933835
5972043
6057744
6095349
6139231
6220497
6244079
6285125
6379351
6426709
6454193
6523697
6600485
6654988
6711094
6747865
6767522
6838115
6899220
6960663
6982659
7033447
7108468
7179851
7189372
7287949
7332878
7369836
7418037
7460541
7541429
7612122
7655047
7683396
7770280
7813749
7837651
7935060
7941464
8025923
8076845
8144762
8150013
8229851
8277831
8320130
8395723
8459702
8494864
8556153
8600715
8675256
8731470
8769543
8809112
8864992
8930082
8996543
9037666
9094396
9127628
9179792
9226538
9285848
9373197
9413359
9448801
9498726
9553989
9608250
9649330
9728645
9800724
9850662
9859327
9950375
10005170
10012050
10111293
10140902
10203869
10248946
10311063
10327687
10383435
10478123
10530021
10590698
10610522
10689967
10699392
10791004
10853009
10870452
10922283
10989332
11063558
11093527
11122407
11189185
11222818
11292875
11396679
11432204
11491129
11501912
11611168
11669271
11692618
11773654
11836377
11868826
11965281
11984665
12024115
12102411
12166681
12220269
12266855
12320081
12386442
12408350
12460263
12517120
12567250
12629191
12683514
12731342
12798423
12847823
12933200
12985036
13004147
13079544
13119354
13181461
13241251
13273434
13316158
13370267
13449466
13507181
13559498
13587774
13648715
13738615
13771114
13811344
13852874
13917748
13965692
14047264
14073129
14133569
14179938
14223864
14318337
14350960
14393846
14439777
14492156
14576232
14640566
14669947
14755085
14798219
14862380
14874216
14969870
14986996
15041531
15145014
15166714
15263097
15268716
15351193
15411088
15438664
15492530
15541090
15600884
15661578
15723687
15761892
15830876
15875076
15967669
15986180
16055035
16112903
16176245
16238981
16301834
16323215
16375732
16436002
16518048
16531654
16608436
16683656
16687603
16764310
16799190
16877496
16899209
17015868
17058920
17107951
17128996
17195416
17289961
17341578
17363515
17402275
17473741
17516028
17579933
17614715
17666375
17708346
17795599
17819430
17910246
17917437
17994528
18066886
18088286
18141195
18174864
18228964
18311961
18330497
18422828
18462583
18537825
18553137
18621938
18694121
18713008
18767245
18871779
18899829
18946922
19038918
19072992
19151589
19168829
19211713
19326238
19377545
19413269
19446496
19534875
19594616
19647693
19663616
19764084
19769498
19836627
19870204
19922243
19993965
20047528
20087732
20140952
20201553
20237125
20329511
20352671
20413990
20480966
20539969
20592746
20637071
20687036
20719967
20792630
20812469
20869437
20934563
20962768
21043139
21093817
21183626
21199833
21317242
21319887
21388421
21477205
21506187
21560237
21652046
21732975
21755742
21814378
21905767
21952908
22025042
22038421
22158729
22182363
22275126
22282937
22387346
22395606
22481198
22512185
22600429
22644564
22712122
22759260
22784803
22866773
22901599
22976619
22987329
23064932
23109325
23185488
23204739
23262378
23311299
23367272
23425358
23520976
23576803
23596756
23661263
23726182
23777451
23813781
23865651
23954499
24001080
24110504
24151202
24186661
24222166
24287482
24493001
24532837
24575535
24766236
24837439
24885477
24929777
25016422
25094813
25147620
25219333
25362171
25412064
25524107
34226
52120
125067
200456
237461
298246
340334
385169
445301
529894
589516
644004
685338
755367
778877
832878
912693
921043
1017854
1055824
1087054
1174369
1232305
1248456
1305369
1350248
1438712
1468695
1538800
1607884
1662896
1724012
1799417
1800365
1890635
1924377
1976336
2123491
2130875
2218657
2250199
2358862
2366037
2460153
2478527
2536089
2600625
2638000
2683937
2749369
2821701
2864759
2905723
2971234
3004154
3042941
3142011
3155307
3222680
3294760
3347137
3387782
3434860
3507131
3554164
3584598
3644195
3695770
3717082
3811329
3834394
3896604
3957630
3997031
4063080
4086054
4171894
4221397
4274377
4303807
4347403
4435724
4489503
4514050
4587957
4613218
4693504
4731825
4788258
4827989
4902102
4942003
5008835
5031585
5097768
5227759
5263306
5339702
5405106
5444371
5526234
5537812
5598070
5691726
5696856
5765972
5874160
5901021
5985636
6031813
6054379
6113883
6163711
6206531
6257994
6344952
6372965
6431056
6482372
6584038
6612613
6680120
6736698
6765341
6802741
6880031
6916420
6996961
7029925
7068312
7182497
7214649
7236812
7336735
7364053
7432115
7456359
7514057
7557233
7649911
7702193
7707243
7776316
7812995
7904378
7926013
8010132
8026402
8092499
8192588
8285015
8339145
8422151
8497495
8537641
8585564
8640595
8686224
8739904
8792485
8867924
8977536
8996460
9075760
9123345
9156920
9226677
9286681
9358949
9394952
9431093
9526102
9546398
9609352
9686322
9708801
9746774
9807541
9905106
9950542
9975397
10055685
10149859
10187797
10223302
10289283
10349491
10408814
10433795
10534986
10560868
10644065
10704204
10752793
10810362
10898295
10923299
10987439
11044108
11084681
11126083
11221325
11266980
11291833
11372909
11393966
11440465
11547291
11552391
11639123
11659074
11739074
11772419
11820605
11890202
11920640
12010608
12035955
12098788
12140750
12197394
12255684
12314135
12387664
12451170
12464767
12554682
12585413
12670184
12687498
12753183
12817856
12865788
12936413
12986021
13045062
13081789
13153794
13202669
13231046
13276074
13321986
13389199
13439469
13521201
13577787
13603650
13689672
13712894
13789703
13798434
13881749
13911641
14025046
14056352
14147265
14187723
14253491
14275882
14319918
14417391
14427186
14522504
14546447
14603563
14676365
14727015
14792082
14812916
14884664
14961877
14993808
15058680
15077326
15170959
15237395
15276073
15349270
15359963
15436360
15517198
15569869
15632763
15693924
15716555
15762697
15860419
15872380
15934899
16011538
16038980
16106646
16144977
16242514
16268523
16296318
16390866
16410303
16456993
16507618
16577613
16640207
16704223
16763074
16810589
16863925
16886021
16947754
17054505
17123801
17204877
17257091
17291467
17326210
17422245
17440792
17482739
17549297
17641044
17663414
17737904
17805994
17818806
17906362
17948261
18000856
18033227
18074062
18171681
18187859
18276802
18317921
18384600
18415887
18487624
18540445
18569661
18666954
18680381
18747390
18803088
18835363
18907204
19014385
19091873
19114140
19153660
19254057
19287979
19356706
19363942
19426426
19514984
19539526
19603124
19634548
19690728
19739921
19792284
19870316
19901025
19950163
20013371
20072884
20141383
20165387
20280054
20367484
20434622
20477132
20537559
20605188
20648200
20686382
20736239
20802153
20865791
20901539
20948094
21022314
21065009
21132174
21216681
21237825
21299125
21361968
21402972
21481764
21523377
21541921
21629850
21690269
21732011
21803973
21847039
21872168
21987355
22018139
22165193
22201853
22239118
22299220
22351240
22399514
22473975
22486540
22582850
22588670
22665978
22716168
22784210
22847361
22857663
22938572
22965074
23040564
23094887
23158660
23220540
23274285
23322605
23353900
23439159
23465707
23519850
23585039
23632114
23665583
23731348
23797955
23846636
23869627
23929261
24013223
24034861
24129238
24162611
24203670
24276992
24337644
24379157
24452471
24510326
24570003
24608568
24662118
24723588
24757526
24885442
24892977
24961101
25009642
25070558
25118570
25211800
25231369
25298105
25338431
25422207
25475399
25558458
25653949
25707352
25831702
25850973
25926579
25939548
25995706
26062456
26103594
26234962
26260862
26296687
26396775
26409559
26482997
26551449
26609192
26617021
26718531
26745267
26821576
26899645
26938259
26962242
27025286
27101571
27115766
27205295
27219456
27268858
27323130
27390292
27427879
27530821
27569022
27607122
27676174
27705849
27773302
27814231
27851421
27943633
28009826
28068808
28145181
28219443
28321391
28369276
28420644
28487724
28528506
28622323
28644293
28695714
28771392
28826878
28919864
28944861
24328
104591
135852
199024
268236
290142
358787
425976
480294
518755
659354
717961
763846
825311
919433
948086
978448
1068359
1103224
1174791
1210360
1247968
1326351
1351614
1410551
1472396
1526059
1565921
1647862
1668926
1710147
1766878
1870631
1896518
1974373
2044040
2056209
2112310
2318463
2361336
2416991
2432771
2543879
2568039
2636846
2669290
2717625
2765162
2846569
2911340
2942505
3032218
3081619
3128348
3188999
3246390
3306699
3336699
3374206
3428961
3495493
3536602
3607168
3660048
3696430
3752762
3836300
3893826
3972859
4039738
4065709
4127276
4212205
4262183
4306719
4350578
4385006
4431442
4488216
4575654
4599206
4694098
4738665
4758147
4818751
4902427
4939798
4984087
5036363
5085064
5138427
5234900
5259302
5314195
5365011
5423668
5490749
5567555
5630197
5710103
5752083
5783553
5861447
5905739
5954280
5998208
6078583
6086257
6155810
6236258
6302038
6354297
6422348
6439346
6529162
6583140
6612939
6675909
6709240
6767295
6828169
6906950
6916300
7007307
7019070
7118442
7139981
7178405
7266536
7286255
7338870
7382426
7464846
7534879
7591156
7615089
7677607
7707364
7806812
7827489
7910879
7944077
7989984
8051027
8116857
8130278
8190702
8271130
8278602
8361297
8420686
8482399
8517368
8540969
8611902
8641726
8719984
8755882
8815058
8879064
8926653
8977304
9036214
9103287
9151174
9208147
9255224
9297315
9390091
9433274
9512956
9531692
9578401
9637242
9708773
9781989
9806940
9880356
9895062
9945622
10018197
10073952
10138349
10160330
10224999
10305275
10317235
10366058
10422283
10510633
10608522
10620018
10672914
10773522
10777440
10840887
10926745
10955009
11014659
11066490
11093308
11155179
11208896
11262022
11319756
11371689
11429824
11470621
11515820
11580323
11648309
11724678
11765489
11781252
11877197
11903311
11989703
12035276
12094879
12107111
12166403
12232400
12256405
12350970
12367931
12414648
12485480
12530358
12572217
12647408
12692629
12740994
12813216
12874983
12925548
12937508
13028620
13074162
13136895
13176057
13229219
13289362
13311003
13360926
13415021
13463946
13523490
13598242
13628371
13723090
13765580
13809560
13866997
13935261
13993908
14035956
14101760
14153156
14198541
14291107
14328378
14378804
14475544
14534799
14627527
14637116
14687518
14763110
14812571
14857472
14944351
14965989
15024990
15091219
15148041
15169240
15210433
15263629
15349400
15367209
15463862
15496745
15541351
15622865
15641410
15717714
15804042
15868818
15935604
15962856
16051655
16104079
16174330
16193532
16268637
16311381
16346524
16405972
16478751
16550263
16583220
16651660
16694840
16750008
16807023
16880767
16913262
16967537
17028689
17072883
17142872
17197966
17235635
17328114
17354777
17421068
17455556
17549910
17594514
17609755
17707985
17709488
17787109
17831175
17954540
18026904
18059692
18115461
18160789
18222035
18293236
18339924
18378390
18453661
18525012
18541774
18610713
18656305
18744230
18773581
18819925
18876105
18998418
19062343
19131438
19136276
19226200
19245670
19328771
19382016
19433826
19480946
19512076
19571907
19636716
19660669
19739951
19817369
19853911
19919093
19938156
19981838
20033324
20088369
20155767
20197555
20269035
20311522
20396695
20438214
20507764
20550802
20597056
20660748
20731389
20792104
20837490
20880746
20956281
20991975
21068233
21087428
21175035
21197535
21257181
21327353
21395755
21425110
21470698
21531806
21572232
21653110
21715094
21749864
21792526
21857706
21905054
21958637
22011266
22061137
22124572
22171338
22244232
22261302
22321950
22400098
22430472
22510529
22567147
22580569
22683686
22731842
22768006
22793136
22846762
22922067
22982786
23010768
23053678
23116887
23199439
23253702
23300911
23345177
23410768
23446727
23513820
23540343
23595168
23649819
23712648
23739583
23814614
23863222
23916426
23988728
24005050
24074194
24108441
24180723
24224807
24284953
24334625
24375066
24414401
24470414
24537464
24625216
24707545
24720767
24783191
24836405
24875092
24985892
25021546
25081043
25126323
25161492
25240362
25275102
25367580
25411202
25457808
25474349
25559050
25609862
25675007
25678859
25795736
25806678
25889642
25921198
25969769
26010975
26078734
26114538
26215407
26253324
26293441
26368200
26405173
26482636
26519423
26581545
26672800
26723938
26759654
26825966
26880797
26890140
26969294
27068014
27124387
27158219
27202033
27254268
27319138
27368713
27406014
27465661
27491647
27558556
27608225
27661541
27712163
27762249
27815306
27886880
36377
55322
114530
227457
270132
289856
376876
439970
495659
597158
617528
685178
756811
788507
883994
893988
983260
1043711
1097566
1116368
1161555
1247228
1271105
1351123
1422198
1458766
1489674
1530331
1582751
1647466
1690939
1762193
1808746
1861249
1915121
1987588
2044981
2084129
2134306
2194527
2230668
2264184
2363280
2384790
2454646
2528031
2545879
2611325
2685986
2706756
2763613
2809257
2872224
2990674
3016493
3081802
3125252
3185487
3263085
3309668
3346696
3387772
3455686
3507056
3547156
3609988
3685825
3705315
3786868
3847235
3886699
3900895
3998478
4034285
4065931
4130908
4158662
4219727
4268865
4344419
4386067
4461801
4471569
4573539
4624690
4650370
4738268
4805177
4828472
4909962
4960636
5014755
5069507
5095043
5185174
5235110
5290320
5316971
5356934
5422312
5477461
5539613
5582456
5637166
5690831
5724246
5788708
5815768
5915307
5942894
5977377
6055453
6120155
6166571
6199552
6246683
6311302
6338509
6436259
6475324
6511626
6574848
6644817
6686099
6717250
6800840
6839675
6901273
6949362
7000741
7080340
7102115
7187176
7204446
7254472
7314504
7401735
7413660
7507815
7541904
7575397
7620420
7677584
7728830
7789784
7836709
7896610
7979118
7993237
8082484
8143249
8187127
8237505
8291405
8336882
8389092
8450427
8489633
8583984
8646968
8702538
8748004
8784889
8859484
8900823
8935501
9016236
9050494
9091415
9180354
9234113
9245615
9347853
9364777
9458605
9473991
9514539
9618471
9644051
9703051
9774543
9805862
9879640
9895942
9951427
10043415
10076968
10131627
10202845
10216825
10280471
10331690
10410928
10453042
10525654
10542524
10604130
10671648
10711694
10763452
10918690
10971286
11043850
11074585
11159470
11167932
11222997
11286731
11352609
11391882
11457328
11485375
11574494
11617565
11666193
11746957
11765614
11868581
11888154
11952303
11997404
12068224
12084449
12164880
12310649
12342815
12380905
12428580
12502583
12589161
12617581
12699701
12716863
12819504
12823418
12890339
13008887
13021188
13080906
13149924
13200364
13247227
13325087
13381612
13435447
13487148
13550068
13597302
13645155
13713559
13717320
13803336
13828718
13886850
13927366
13971857
14069743
14085111
14127649
14221824
14235127
14296156
14364606
14424154
14439282
14515297
14541275
14629835
14647734
14710316
14796582
14848480
14869394
14963131
14988672
15048487
15078921
15141615
15210952
15280266
15302298
15362211
15428638
15504001
15568608
15610970
15670010
15742998
15756266
15834066
15867344
15947425
15964547
16058419
16077341
16132950
16225344
16240290
16294002
16347319
16386473
16460425
16498619
16580312
16631270
16729209
16762406
16797549
16843995
16931003
16966264
17040834
17057568
17114170
17156947
17256488
17303065
17386958
17409514
17446152
17503329
17584939
17615400
17666633
17721623
17802565
17831845
17892120
17957460
17990273
18038148
18086944
18141909
18194761
18233821
18302563
18351617
18419178
18493753
18503800
18570036
18611240
18692820
18746644
18808898
18835556
18920676
18978358
18989578
19049569
19122652
19184634
19209587
19329694
19332188
19455172
19587117
19670574
19679359
19754918
19820358
19849697
19904669
19966957
20006402
20073075
20141781
20163933
20222127
20270205
20361655
20397866
20483091
20529600
20601098
20661616
20684666
20773472
20856211
20869235
20942276
21022128
21079175
21130379
21162036
21248345
21263124
21359289
21406954
21419075
21477606
21565220
21604075
21649419
21690329
21773044
21812788
21854539
21926178
22046924
22081529
22129228
22188428
22250718
22299148
22360706
22398941
22441572
22488529
22533232
22626785
22653589
22751909
22779632
22811797
22863814
22955626
23001621
23062601
23114663
23174801
23239171
20661
72623
143532
215992
295604
320202
419501
428143
491276
579197
624394
681416
688573
748383
819854
871322
890290
941091
1018922
1048785
1122665
1185151
1201492
1302303
1353561
1390847
1426450
1500413
1567878
1583363
1635674
1716790
1751144
1819722
1922946
1935042
2006858
2084148
2142034
2186440
2260471
2282168
2326863
2437030
2446504
2530096
2582413
2623656
2683142
2731847
2776620
2839828
2914429
2957270
2986332
3049490
3123372
3178134
3221932
3301039
3356014
3386174
3447527
3503526
3581753
3597826
3676846
3699551
3738385
3852345
3874034
3974509
3995862
4038331
4087645
4135454
4182988
4235063
4284829
4370538
4407148
4460503
4551784
4603685
4640276
4685271
4726714
4787619
4819961
4914403
4969847
5021555
5041335
5085915
5149895
5205629
5263027
5343234
5374202
5461037
5492431
5542768
5620868
5652083
5718605
5774001
5782356
5861754
5889270
5936099
6003706
6046473
6091897
6173861
6237118
6296173
6331159
6374757
6423349
6462434
6541464
6575734
6630701
6730849
6777105
6801504
6858305
6910586
6959744
7035121
7106266
7152695
7206569
7231232
7286580
7350737
7395450
7437752
7525536
7564411
7593811
7676337
7744195
7749749
7854029
7882955
7921827
7984705
8052318
8079662
8166101
8183284
8222390
8319106
8348159
8407901
8441360
8507378
8546082
8597641
8641456
8710741
8780327
8802700
8853064
8939769
8987031
9050448
9079640
9126158
9217314
9275617
9288573
9379441
9423426
9436379
9524023
9591507
9611995
9653202
9704968
9806560
9831254
9870427
9955149
9992470
10025610
10113843
10140762
10201903
10234989
10287887
10326117
10396628
10435346
10514277
10569729
10615217
10643854
10696008
10787825
10844372
10892189
10939732
11002312
11051749
11120531
11138024
11180171
11286550
11329387
11368734
11419611
11486670
11547654
11557411
11623898
11695429
11726273
11813536
12117752
12215802
12241159
12287577
12348155
12402873
12435507
12497674
12540649
12622640
12668404
12738084
12783761
12810266
12885190
12955878
13016663
13057680
13110279
13146728
13232525
13266984
13322979
13384147
13423522
13488395
13544224
13591787
13638237
13714988
13747716
13815519
13876842
13924261
13985157
14062961
14077887
14187530
14231395
14269056
14308399
14393931
14466156
14517439
14609532
14644232
14672842
14721730
14808221
14872966
14884763
14958994
15016518
15056779
15104783
15156860
15218085
15307271
15335912
15369335
15447945
15503010
15537698
15591335
15633600
15692942
15771080
15802062
15888757
15910467
15944058
16023390
16090580
16139812
16213540
16230738
16291307
16353636
16398724
16448422
16514270
16560583
16607762
16783518
16817856
16864661
16948552
16977601
17038528
17094451
17160715
17173062
17248465
17283651
17347671
17393898
17474992
17523267
17536989
17597132
17689894
17738783
17776034
17816866
17888231
17920309
17987548
18040754
18113875
18140733
18215843
18267921
18351993
18387241
18472253
18498084
18548317
18597714
18691867
18726571
18759778
18822881
18910776
18967297
19016233
19077718
19103245
19222142
19239178
19325408
19398866
19466099
19511105
19585139
19616903
19689171
19702400
19764565
19839630
19883193
19937465
19997130
20066874
20136528
20202331
20238299
20292553
20338485
20406831
20462773
20514451
20553371
20611004
20649540
20708105
20797382
20821559
20913893
20954326
21021819
21035139
21118370
21137945
21178298
21230768
21325912
21346376
21420841
21474338
21515771
21544435
21642995
21661498
21741646
21753663
21801268
21914415
21992711
22004521
22064633
22134979
22178663
22230902
22310602
22319221
22409199
22461323
22473692
22535565
22592593
22634959
22679096
22767435
22812373
22842329
22928510
22943560
22985031
23097840
23125336
23189298
23254571
23319521
23332998
23412884
23478219
23502607
23549514
23598887
23645869
23694486
23776755
23817237
23852145
23921778
23975846
24052622
24062525
24145713
24188060
24252281
24349072
24373514
24434080
24521535
24538621
24610448
24667245
24690868
24776172
24821945
24894189
24913498
24984027
25038924
25050619
25124698
25191913
25215309
25288605
25378865
25397169
25437337
25512910
25579432
25611437
25689362
25732437
25819257
25866123
85
71634
154405
205327
211710
298579
327226
374388
447248
478029
513353
594804
631618
705680
747498
827226
868890
933721
965252
1043038
1103371
1156378
1213329
1266274
1283961
1354086
1436431
1468408
1507513
1599135
1612599
1698068
1733093
1791592
1826377
1871040
1936049
2004129
2035935
2092454
2136952
2193022
2280676
2323222
2360535
2406256
2489284
2581912
2619885
2655038
2734851
2788474
2799528
2885796
2912543
2995181
3047958
3076229
3130729
3176117
3250246
3294739
3364260
3421388
3425785
3491958
3533724
3626846
3663445
3716469
3783623
3825108
3864394
3905284
3994579
4045197
4052044
4135684
4155541
4252153
4293014
4337807
4408752
4435889
4502592
4554757
4578327
4655440
4708848
4771694
4800312
4873650
4914431
4973009
5040472
5109694
5126707
5184727
5234576
5299075
5343201
5413857
5500419
5524363
5577319
5635920
5693852
5767844
5831148
5867984
5914030
5955312
6017697
6085153
6104676
6177465
6225562
6314065
6376382
6416584
6465479
6538932
6580273
6646433
6708206
6737640
6794598
6872628
6939777
6941762
7011173
7096035
7157681
7193012
7215361
7330344
7355241
7409679
7453132
7504915
7587735
7620695
7711413
7731004
7808798
7856556
7916062
7961154
8012195
8095414
8127574
8180118
8230205
8288772
8369511
8421025
8451089
8512879
8552322
8647059
8679826
8755308
8785214
8820544
8884077
8954602
8977347
9038317
9088860
9163835
9202063
9266068
9347198
9404810
9443762
9501448
9541197
9588612
9663225
9677813
9732743
9798629
9848712
9918293
9958135
10041744
10089634
10118725
10188157
10223727
10308293
10350988
10416201
10437656
10507813
10585664
10639769
10689557
10736550
10768647
10850130
10862969
10924572
10996546
11073575
11124750
11165653
11226050
11247665
11317573
11360709
11432196
11484931
11543731
11587830
11617959
11723715
11800764
11818650
11901960
11960822
11991640
12057826
12081170
12136110
12193333
12266255
12299189
12371618
12416456
12491640
12521496
12608228
12620286
12701091
12773929
12787677
12833559
12886394
12947418
13039160
13056450
13097554
13175971
13229859
13252705
13318020
13406615
13428452
13502345
13572210
13621779
13643201
13706857
13773153
13802248
13896308
13908302
14006525
14027175
14088316
14142813
14223243
14253335
14285582
14331502
14429665
14443813
14508609
14539555
14638605
14677657
14738058
14813164
14857348
14904823
14977572
14989967
15072348
15093492
15168142
15231720
15282981
15319289
15378514
15461090
15495390
15540496
15618744
15631692
15698344
15771136
15840092
15856207
15903687
15974259
16047088
16098960
16129747
16169553
16229566
16314253
16392510
16446423
16470079
16508472
16552812
16613837
16684005
16728911
16782905
16816891
16897711
16952749
16978750
17032456
17110595
17125800
17225804
17229736
17340639
17361076
17440060
17471053
17524401
17574165
17637877
17696601
17782523
17804308
17876215
17943373
18003278
18022051
18107174
18152557
18204611
18210938
18299454
18342360
18366197
18476188
18525395
18548327
18600809
18646780
18732766
18762391
18851585
18895059
18916960
18968372
19020241
19159918
19184717
19280734
19336164
19368080
19444029
19506291
19561012
19573376
19627885
19717037
19723621
19776039
19843393
19899449
19936319
20023955
20063260
20100656
20149959
20226612
20282015
20307330
20387645
20496634
20591270
20644518
20722169
20770678
20837557
20887348
21031981
21076727
21166682
21185088
21232288
21330051
21402734
21432997
21523878
21550264
21636792
21709794
21747009
21795516
21824703
21924661
21977478
22008837
22061895
22094355
22151077
22236777
22288188
22371841
22402091
22501403
22536409
22615097
22666356
22786413
22836964
22902643
22965943
52251
75788
136248
183718
222326
314286
356006
408496
453442
502087
576767
675014
721035
755031
784743
865384
892447
936686
990908
1094517
1117151
1197404
1223514
1290465
1329785
1393601
1461327
1471957
1521968
1603178
1654507
1695317
1755698
1786167
1858532
1911095
1970768
2029052
2076679
2149267
2200596
2229749
2298264
2341221
2391426
2447336
2495747
2576357
2587449
2666455
2736936
2779756
2840071
2908549
2921049
2978707
3047260
3104118
3158305
3218736
3252202
3298354
3349469
3404633
3448006
3504398
3572096
3629394
3699773
3732744
3780332
3847442
3924273
3942805
4019967
4042125
4100179
4175751
4264682
4315131
4361442
4409216
4438935
4518784
4542805
4589402
4644345
4716222
4758483
4837162
4854227
4940900
4984075
5012351
5099992
5128021
5213067
5220696
5294860
5344034
5397927
5474481
5503234
5563461
5649291
5685572
5746446
5804828
5812046
5895383
5969597
6032874
6079367
6121996
6162707
6248636
6314745
6348519
6397973
6455538
6519685
6556547
6646661
6694499
6762078
6815211
6880773
6940028
6950286
7023337
7069631
7147260
7180299
7217413
7262471
7314324
7379374
7453109
7464881
7568103
7621404
7664110
7687949
7763791
7801910
7898095
7940908
7982521
8057290
8088643
8129394
8200300
8246049
8281786
8368689
8430544
8457980
8542309
8563398
8643816
8707635
8751666
8810545
8853014
8934216
8957776
9023649
9112536
9169629
9223629
9230852
9350822
9380996
9488135
9509753
9581625
9651346
9662814
9710465
9762288
9864389
9878148
9975745
10012025
10075945
10099841
10181991
10213428
10295348
10313925
10393882
10432566
10456441
10539668
10579303
10623152
10764651
10808131
10873781
10947589
11015705
11025361
11104714
11146952
11176160
11241629
11317509
11386371
11429514
11441130
11532732
11551913
11632766
11696041
11755837
11764624
11822447
11895485
11951524
11985840
12047168
12099855
12164779
12227887
12264943
12304838
12346242
12454898
12497786
12547170
12590525
12665024
12715950
12774058
12805796
12857175
12984118
13028803
13067050
13107248
13187100
13215056
13267255
13371850
13417351
13429042
13490215
13564388
13634414
13649503
13730179
13792641
13844061
13891469
13908477
13983953
14051043
14136522
14178190
14208704
14255922
14354612
14385341
14431978
14476889
14554231
14565172
14623976
14670503
14752972
14806182
14867633
14916330
14947429
14985222
15038633
15129163
15200569
15279211
15303668
15338563
15416632
15484810
15540165
15565009
15629790
15663414
15746042
15788581
15816591
15897936
15948561
16024806
16043783
16119867
16171840
16211404
16249444
16326094
16396107
16457069
16490898
16543157
16641562
16689844
16735326
16792122
16809305
16873108
16941086
17040107
17045263
17134481
17205761
17244998
17309613
17349895
17370456
17429676
17496232
17538979
17621286
17675057
17704023
17759617
17820433
17845842
17918646
17958712
18026499
18082912
18116041
18151918
18251261
18296682
18314561
18369433
18440081
18502007
18554394
18621387
18647374
18695280
18739121
18787203
18840901
18889387
18976315
19005501
19094934
19120407
19205999
19255472
19300511
19367700
19396405
19424796
19505415
19565519
19620692
19637586
19756171
19776405
19836623
19881393
19964080
19983682
20048339
20130959
20179858
20230877
20257415
20300736
20366500
20462655
20495615
20526348
20613158
20644916
20690463
20779913
20790354
20851289
20895416
20969989
21041584
21075794
21116363
21211758
21259142
21303172
21358880
21407580
21470234
21523062
21540303
21643604
21696906
21722989
21777016
21864974
21878449
21935752
21991088
22052374
22116699
22176238
22231113
22270903
22338998
22395655
22452250
22473874
22554438
22576703
22642875
22719195
22755474
22826474
22863995
22902637
22938508
23027770
23048671
23105824
23232469
23287764
23335847
23366439
23458296
23514997
23516695
23586455
23693412
23780737
23819049
23847413
23899674
23965289
24030955
24097958
24170610
24201614
24280498
24304492
24426069
24441765
24499491
24597796
24619991
24686820
24749067
24871932
24874639
24949457
25007977
25074332
25091729
25188454
25216220
25312445
25374307
25391464
25459118
25491089
25570620
25670100
25739838
25767806
25859837
25904734
25936372
26031974
26093707
26192959
26242041
26289311
26307385
26392615
26445044
26703525
26787821
26821438
26858548
26926914
26975878
27076034
27091597
27172330
27195117
27246551
27311702
27371950
27426760
27470418
27561431
27608716
27672768
27738202
27780915
27887639
40808
74033
138605
212458
232128
297813
376329
414377
464534
506982
565432
607128
692613
704403
765631
909274
998932
1045484
1104940
1107424
1176762
1239742
1275658
1355752
1366225
1459093
1503071
1570278
1572864
1626062
1682382
1775189
1803073
1849170
1901725
1965989
2003111
2088647
2125226
2180965
2233598
2260677
2312469
2402351
2430058
2470699
2537820
2594710
2671513
2707735
2742266
2785101
2847211
2932672
2943847
3028983
3096392
3128577
3161907
3249498
3273258
3350310
3366485
3454913
3487862
3554931
3595240
3624758
3703656
3776370
3823751
3859632
3917091
3949755
3997112
4074623
4118295
4157441
4201678
4255843
4302114
4383279
4416753
4501667
4509784
4561552
4612733
4705938
4729077
4790013
4818796
4903240
4958661
4994961
5035223
5110521
5141470
5219424
5240792
5303918
5365615
5419014
5446941
5492611
5554216
5623421
5672734
5711742
5814118
5823243
5876186
5952224
6022612
6080675
6110066
6169179
6232657
6256683
6354512
6377458
6458552
6474118
6532333
6610981
6668729
6734974
6744286
6838726
6871534
6901029
6988560
7021926
7081703
7127665
7183678
7278097
7297530
7356139
7427885
7468721
7551145
7589292
7646744
7697515
7743775
7803902
7828689
7868079
7943334
8000091
8043699
8119903
8190882
8219177
8247483
8351438
8356727
8417264
8461423
8515109
8611308
8621034
8677538
8760943
8792460
8863783
8887416
8999066
9048102
9109425
9170877
9201067
9283704
9330046
9354302
9399245
9456790
9523583
9554785
9638044
9669166
9738370
9778129
9839156
9907999
9950840
10007782
10028617
10126736
10162739
10206512
10282049
10316055
10387205
10420977
10480220
10519876
10573178
10629407
10689703
10802634
10847394
10893969
10970059
11012915
11063322
11103627
11169304
11191658
11273779
11306847
11352039
11459086
11468965
11523701
11613392
11639273
11748847
11789465
11819744
11875979
11949937
11981900
12024743
12105106
12147470
12183633
12255190
12313465
12379336
12438704
12488527
12515523
12568654
12627339
12661258
12714992
12781299
12830989
12911416
12954597
12972363
13042905
13104110
13146626
13214169
13252929
13293574
13349528
13427884
13450722
13528664
13555800
13660600
13693001
13788061
13856062
13887249
13962010
13989162
14034593
14092684
14138864
14176721
14237971
14316159
14376572
14389602
14453074
14539537
14591121
14625803
14693735
14736828
14764915
14812555
14898513
14927054
15007944
15061167
15130196
15173851
15218998
15267328
15335913
15408641
15445515
15507155
15521995
15599446
15635892
15691902
15748065
15838377
15845299
15963461
16002980
16028783
16093228
16138484
16212159
16285865
16343967
16385126
16427627
16462352
16543572
16600346
16622968
16684695
16745158
16808931
16869817
16921226
16949564
17017181
17075875
17141758
17173982
17209531
17309448
17354662
17376445
17424407
17483662
17535572
17594584
17655894
17745463
17750883
17843868
17909443
17944158
17974297
18031416
18118655
18145283
18232611
18295352
18344354
18380604
18449723
18472916
18526138
18615910
18640692
18716063
18741454
18780818
18869901
18937772
18977740
19025989
19073669
19151985
19201277
19348776
19408701
19477008
19519192
19546881
19625327
19682308
19698298
19753422
19806969
19886927
19925245
19982469
20049565
20093688
20176207
20184781
20246070
20306193
20405334
20475921
20559174
20634964
20677504
20731961
20783653
20840551
20892487
20945285
21026554
21069683
21128865
21189105
21232563
21347387
21363966
21448828
21503769
21523151
21588711
21621413
21701192
21753571
21801347
21860955
21905988
21968775
22004578
22082511
22112160
22197190
22211824
22289249
22379874
22417846
22443128
22562700
22582792
22644130
22709805
22770564
22774947
22862451
22921359
22944208
23016299
23063308
23123924
23225319
23264515
19165
76678
165196
237413
265706
331471
358637
505041
532947
615599
639500
731186
753303
799640
840931
934921
1013041
1046343
1089778
1141269
1198641
1258876
1373515
1447628
1482283
1525594
1582000
1625217
1705745
1734493
1821210
1863515
1926615
1965596
2033113
2064110
2111689
2183870
2214782
2246830
2292090
2376440
2425813
2493774
2522684
2600672
2658949
2686892
2720213
2771381
2861375
2901891
2934559
3009386
3052019
3128241
3180384
3228491
3252483
3302575
3381008
3410911
3469421
3532500
3587461
3625556
3677599
3759570
3798852
3856475
3907700
3972964
4014847
4082561
4145448
4220157
4231582
4300777
4356923
4396559
4501412
4528383
4603645
4652364
4683196
4751969
4796677
4839022
4960318
5011761
5060744
5076523
5119982
5194502
5266421
5328659
5362294
5388831
5463007
5544333
5583174
5610071
5689158
5757947
5793110
5845170
5902753
5966824
6015149
6063645
6146559
6175592
6277807
6300341
6336983
6398250
6440566
6502246
6567572
6617185
6711856
6737188
6813885
6872444
6885338
6980940
7038084
7081692
7101257
7192644
7252116
7300034
7369320
7401822
7456818
7523897
7576552
7609412
7724588
7773631
7800069
7865327
7905275
7973368
8014423
8074170
8135494
8175636
8234338
8292451
8346540
8395592
8429720
8484521
8557897
8638395
8646093
8745884
8847569
8855395
8913840
8957205
9013421
9072918
9134450
9212181
9261414
9325884
9390693
9396573
9484931
9531716
9561325
9604983
9712507
9746891
9826029
9843796
9923693
9974144
10017010
10068404
10118435
10153638
10256233
10349788
10358336
10418678
10515138
10530643
10583871
10681526
10684938
10733968
10820058
10840354
10896478
10958912
11007830
11080069
11119039
11188687
11240346
11260097
11317343
11420804
11453336
11675003
11802479
11867666
11918451
11956487
12013062
12108588
12132988
12194963
12241535
12339387
12410177
12463019
12563347
12599141
12641440
12779678
12869714
12970549
13023830
13080105
13134049
13172247
13205621
13307281
13355206
13381429
13462685
13509677
13578410
13586135
13639724
13719826
13748615
13822635
13871197
13884338
13981842
14013740
14069516
14124120
14167830
14209357
14301626
14360212
14382627
14431128
14468878
14563003
14580515
14628345
14713873
14766121
14830455
14836098
14933133
14980237
15022732
15074547
15098358
15152281
15250030
15287332
15324092
15404563
15426795
15484155
15570247
15621576
15626494
15705335
15775330
15795196
15843157
15911026
15943339
16014966
16084662
16125049
16157628
16220385
16283626
16299686
16349199
16424649
16484785
16536142
16552520
16640204
16693975
16715244
16787067
16859249
16864469
16923691
16973715
17069561
17086891
17160350
17190161
17230758
17315417
17337968
17384573
17454850
17500601
17551876
17601803
17677970
17764002
17805529
17845307
17886296
17974915
17983587
18036038
18092932
18180399
18234139
18251357
18308978
18443186
18457245
18533914
18603715
18652225
18664992
18762153
18779597
18857415
18892321
18934795
18982775
19046726
19128376
19186548
19232674
19276147
19330486
19367532
19414484
19487321
19536105
19617808
19633435
19712476
19787608
19808194
19850512
19906936
19972888
20071610
20095716
20178344
20194543
20251229
20303834
20378680
20409344
20457437
20530272
20596778
20682706
20743811
20761182
20860322
20880725
20960519
21026972
21044735
21129320
21162706
21274346
21300540
21367209
21420536
21497798
21512837
21566088
21620848
21697757
21736926
21781644
21856721
21930446
21990196
22040517
22116180
22148537
22224377
22280062
22305118
22358185
22436070
22479090
22547734
22602944
22667412
22706613
22764507
22798189
22866042
22902289
22952544
23037811
23061984
23120739
23209449
23220964
23309578
23326965
23407777
23471524
23487627
23582532
23614863
23678755
23760166
23806268
23859680
23919767
23949997
23992941
24033987
24120449
24164646
24207652
24270540
24344894
24408561
24438824
24508214
24544959
24594884
24667585
24676447
24769988
24823710
24878944
24886962
24942792
25020111
25056945
25116167
25197297
25231806
25272029
25348040
25418773
25448900
25487515
25530753
25580160
25667107
25718438
25747800
25786710
25847771
25904670
25946260
26003125
26065666
26137385
26148443
26224113
26255667
26314779
26389873
26412582
26479732
26513882
26560803
26610408
26688415
26730998
26788455
26837659
26862783
26950769
26980099
27043769
27069461
27152473
27186446
27240161
27316953
27334381
27425618
27474479
27484001
27535224
27583594
27679430
27725783
27789468
27840940
21077
78808
137805
193425
274383
290258
341254
439248
507143
562183
611738
654347
746415
804598
816475
876457
948155
976460
1041238
1097513
1172582
1203608
1309406
1320479
1371522
1431942
1476960
1560666
1618391
1659299
1679678
1728475
1788757
1855342
1905801
1954283
2018896
2085351
2139554
2184926
2208455
2282474
2340740
2412128
2448192
2503187
2543291
2598202
2671273
2728479
2732640
2808246
2875643
2911923
2960416
3027638
3071580
3111433
3168134
3232512
3271731
3358413
3410988
3474653
3490978
3583555
3612616
3680953
3707605
3779090
3819784
3887145
3969360
4018542
4072855
4089724
4154352
4240305
4269177
4339423
4408111
4450358
4480513
4555704
4611819
4667983
4732320
4758154
4834736
4860085
4933961
4975205
5024895
5084076
5143974
5198773
5246632
5339024
5376163
5418539
5452237
5504347
5570857
5640097
5671025
5738468
5799001
5854668
5931311
5975045
5985448
6063666
6110768
6183280
6234984
6261600
6317703
6368406
6451845
6461516
6530504
6594881
6665833
6672126
6723689
6812350
6874157
6905710
6990646
6995562
7072251
7118407
7154334
7230964
7291079
7318115
7369968
7434219
7509094
7522392
7621891
7664721
7692617
7754169
7840261
7874850
7936644
8014560
8084971
8132652
8159440
8258670
8283048
8345878
8377552
8443595
8490049
8548860
8596363
8636854
8697357
8737051
8822972
8844937
8910379
8951251
9048691
9076765
9129614
9189018
9256609
9269455
9350545
9405571
9435337
9523407
9561384
9599143
9680508
9723416
9767446
9813422
9898953
9938968
9953698
10028536
10090917
10136466
10179193
10228612
10320768
10346697
10398589
10478424
10547562
10579796
10635589
10665953
10721091
10763092
10840407
10877635
10958364
10975295
11031164
11099484
11187226
11207615
11278038
11343491
11361383
11450192
11474521
11572771
11594182
11667914
11723914
11737267
11794309
11849888
11920400
12006117
12063602
12070350
12141840
12192877
12246014
12318023
12371750
12431634
12457636
12507358
12582357
12640979
12712398
12747348
12785390
12829850
12925575
12932670
12985990
13051177
13148142
13182234
13211528
13299939
13342359
13369589
13423914
13478058
13543812
13593006
13668059
13721770
13736718
13795911
13889678
13905633
13988151
14004280
14054017
14126140
14193062
14256862
14287372
14336209
14395169
14427833
14503626
14571700
14615415
14675137
14744605
14797928
14845970
14860482
14955303
14990063
15053787
15080647
15137713
15201998
15240950
15325707
15359153
15418773
15454828
15541088
15606576
15634682
15688736
15752953
15767663
15859046
15880507
15938454
16018020
16063507
16143490
16157106
16222124
16259941
16347992
16403161
16481763
16494389
16548441
16615225
16682282
16714601
16806814
16818587
16918486
16949534
16998452
17044208
17079150
17172633
17240074
17289169
17350942
17418281
17482759
17536228
17565415
17615705
17680282
17732919
17769778
17816649
17893952
17928834
17976613
18042155
18093072
18159625
18231013
18266549
18318311
18377944
18435784
18509428
18586031
18599699
18660051
18746376
18762156
18801238
18877447
18926664
19016314
19035895
19103270
19152782
19203092
19250724
19311147
19371729
19451065
19481136
19539755
19566073
19633689
19713080
19767288
19812256
19868529
19890139
19975237
19988411
20044492
20116012
20156941
20202541
20271118
20300935
20365196
20418606
20486493
20527828
20596641
20645796
20706771
20781673
20800514
20851631
20940369
20992632
21010366
21105374
21159582
21202081
21245165
21306164
21361468
21412620
21436571
21515362
21550295
21629453
21678900
21745452
21780652
21809846
21863801
21931149
21978313
22021226
22110221
22142090
22182335
22242447
22325751
22351188
22446228
22479463
22587093
22629005
22645722
22696733
22792849
22818524
22877548
22957377
23006286
23058301
23114136
23181049
23205916
23271399
23316868
23366805
23399935
23460747
23515689
23578208
23643627
23679056
23722333
23813905
23829444
23905047
23962367
23985618
24024754
24084706
24151034
24189371
24246194
24314445
24355040
24401330
24458551
24515973
24590802
24647073
24692868
24711783
24771384
24822968
24877061
24950492
24979376
25042803
25112745
25136444
25218828
25240530
25317703
25371087
25390943
25448752
25487879
25542047
25625969
25686232
25734338
25772193
25869156
25878726
25936316
25988279
26058274
26107905
26148696
26186190
26277248
26332202
26389701
26467948
26512274
26567370
26603062
26660253
26712343
26757682
26835502
26887899
26948239
26972436
27028082
27101772
27160820
27173618
27236915
138293
167962
205327
251641
363396
407541
441419
543882
585279
609409
700303
733801
770658
820804
875158
970081
1045199
1093861
1168496
1283981
1311668
1366052
1434161
1495402
1527577
1616421
1621610
1689983
1736521
1812951
1844080
1928467
1947777
2035678
2103581
2112755
2189401
2245230
2274346
2372102
2391052
2479059
2503594
2553280
2600535
2651641
2734578
2745825
2830047
2874971
2925569
2955350
3032760
3113163
3172153
3201526
3262517
3294139
3389788
3427356
3456990
3554958
3579669
3626635
3665951
3725287
3785814
3850817
3903748
3961198
4037721
4051632
4142059
4170521
4203305
4268988
4343545
4389904
4494885
4548402
4662520
4719064
4769728
4805131
4884204
4916984
4982030
5045199
5061804
5154412
5164813
5255723
5262216
5317026
5364038
5467786
5515375
5533322
5606756
5684844
5711960
5763473
5821296
5890199
5947323
6002633
6046176
6108654
6132999
6201360
6273108
6441924
6496663
6525460
6609236
6641931
6705168
6770987
6840760
6856753
6903310
6990335
7032956
7088283
7134142
7196330
7244399
7320289
7363783
7405357
7446293
7514507
7593699
7656325
7675531
7763169
7818056
7837915
7875340
7959450
8045090
8074746
8115470
8162229
8203835
8283351
8315457
8378464
8465267
8494377
8545354
8628910
8657767
8723937
8752712
8808921
8890437
8909850
8979822
9062223
9110933
9145999
9217133
9246939
9323217
9376350
9427502
9455948
9511080
9570178
9643113
9696325
9781502
9838491
9876385
9965866
9972264
10058902
10103005
10162139
10219457
10272058
10357472
10394681
10577723
10632111
10684268
10750722
10805802
10844202
10903002
10934577
11021909
11030500
11082195
11199727
11216339
11277359
11322670
11402982
11467634
11530404
11585989
11645035
11694248
11734251
11761971
11822138
11907963
11956359
11973099
12042103
12123033
12139638
12190580
12232072
12315644
12345348
12405932
12474232
12539573
12546356
12621498
12648652
12733047
12757282
12807326
12900545
12939978
12976453
13037627
13081970
13147075
13191116
13253598
13301111
13375906
13424567
13439170
13487006
13573453
13614577
13660320
13732399
13782841
13893503
13985099
14032599
14070734
1055
56498
125997
171582
232198
297752
322304
404245
471585
479599
622170
646022
696480
742922
795344
870892
928643
952576
1004379
1066888
1157059
1188337
1264476
1292346
1377014
1410193
1462017
1536178
1592861
1615313
1660568
1778655
1796289
1831564
1931419
1933423
1990022
2191860
2202357
2263993
2333757
2384344
2438018
2505242
2531937
2574721
2644714
2689276
2746996
2833922
2844739
2923750
2937716
3023757
3058541
3094255
3166159
3244846
3255426
3309009
3379319
3431897
3469257
3544571
3589169
3638190
3721544
3759014
3798866
3839336
3888297
3988942
4006468
4058114
4137461
4189981
4261447
4321496
4350586
4466490
4512975
4559681
4630825
4633473
4700092
4740039
4812362
4871616
4935664
4992417
5042729
5064250
5151305
5199847
5233461
5298460
5357306
5416584
5469031
5507799
5576696
5605131
5649800
5700091
5794710
5814297
5888307
5910573
5960901
6045000
6103088
6140751
6189403
6259214
6338964
6342096
6433660
6448026
6516996
6558531
6644381
6659092
6722639
6782472
6839249
6902355
6962024
6974019
7054941
7090397
7138986
7229395
7278174
7328432
7366329
7430289
7451534
7530316
7598537
7636213
7682964
7731372
7783342
7832118
7890781
7950822
8050962
8060154
8120535
8188278
8232524
8279861
8340148
8392120
8482970
8510454
8595398
8618894
8686284
8715707
8782591
8829103
8915435
8949835
8994096
9063799
9106139
9138072
9220956
9310523
9318723
9365034
9445594
9493659
9551059
9634552
9648824
9687635
9740007
9843243
9855169
9953304
9993618
10017137
10113244
10164427
10234444
10282532
10318991
10399088
10430306
10470220
10523002
10611550
10652083
10684571
10752336
10797491
10874998
10902445
10985681
11005713
11061366
11123598
11212878
11230763
11290067
11355657
11410276
11456247
11488044
11542355
11625341
11664599
11720985
11754148
11804889
11906678
11926087
11995831
12060784
12081598
12169729
12224861
12249822
12287387
12342097
12416694
12489445
12540230
12582137
12628366
12660297
12737962
12775346
12831255
12914910
12963440
13001420
13029186
13221240
13264490
13346091
13379347
13431481
13476499
13574980
13627079
13650162
13712487
13796219
13832427
13943469
14014406
14073306
14165313
14192122
14235132
14429236
14462518
14556054
14574536
14629591
14708637
14731142
14827959
14861213
14892446
14951646
14993352
15088654
15121018
15197457
15216018
15271529
15350326
15402500
15442551
15486185
15567244
15612136
15641741
15699385
15754197
15818674
15899624
15904220
15955174
16020166
16100607
16116550
16169643
16259770
16289329
16359203
16376755
16422625
16522874
16557217
16605874
16655999
16709720
16745229
16803095
16860682
16929579
16970392
17040009
17097292
17168773
17215962
17241290
17280357
17345554
17405355
17456989
17530436
17589739
17641846
17713329
17766043
17840529
17963041
18008182
18069796
18137515
18208931
18281643
18360664
18413356
18441500
18521987
18573732
18627913
18703473
18723214
18811842
18819988
18894767
18922353
19010883
19052214
19082330
19147111
19222254
19241983
19326702
19375464
19412889
19487648
19510515
19549709
19605935
19665265
19703623
19757295
19823323
19864941
19916738
20001547
20018150
20094723
20153095
20184994
20265716
20311118
20356450
20409180
20472493
20524991
20574228
20660185
20704232
20719847
20804494
20862103
20876117
20929871
21002186
21053695
21088433
21165328
21195722
21289814
21313015
21372910
21415467
21492083
21546284
21569626
21632383
21709295
21763938
21794692
21839261
21925379
21964235
22033731
22104259
22108238
22161607
22241099
22305669
22323124
22413758
22465293
22509267
22537697
22634482
22674755
22701787
22779409
22798497
22892496
22900906
22965198
23039119
23057615
23156568
23188418
23263282
23305704
23326586
23422002
23449552
23524012
23546119
23610514
23689912
23712552
23776172
23845987
23892505
23934137
23971231
24061311
24100817
24157222
24181655
24242996
24320712
24389286
24407219
24483684
24555707
24571988
24621079
24679874
24764756
24773541
24866352
24925052
24939711
25010689
25093635
25149387
25166285
25227156
25301757
25372045
25411454
25467190
25495035
25582038
25615799
25681607
25726740
25771344
25806391
25862030
25969640
26022127
26041668
26111575
26179012
26254543
26266923
26318602
26371071
26439962
26499467
26543710
26584230
26655226
26695589
26775274
26817447
26859169
26947729
26956444
27060324
27098873
27156412
27207210
27282096
27312002
27365633
27406299
27460552
27537957
27571529
27643680
27672428
27706864
27797065
27843892
27890343
27928904
28026370
28037204
28111516
28164098
28207113
28268722
28337380
28394457
28427116
28494606
28538161
28594455
28622719
28701673
28739468
28803627
28887090
28897086
28960457
29044682
29104124
29165000
29221829
29233681
29287452
29373870
29405231
29452660
29516081
29606462
29630656
29680747
29724334
29791390
29857538
29906152
29962226
29990225
30059576
30144926
30148563
30204861
30274275
30356643
30385424
30445668
30462294
30559561
30607411
30621154
30669585
30739255
31039
54447
155388
227010
247493
361687
413538
459920
543711
554351
642743
660546
771580
812958
835412
904452
968121
1018574
1077762
1113629
1189086
1224339
1311720
1341618
1378288
1456252
1476664
1552035
1598493
1652387
1675610
1781676
1822632
1849396
1933680
1976082
2020575
2051136
2140165
2170706
2194456
2247975
2329621
2363953
2411931
2456952
2526931
2598523
2646784
2663409
2717132
2779565
2815236
2901964
2955909
2983644
3049527
3122907
3148815
3202076
3235975
3287768
3356852
3424105
3469096
3517701
3553175
3593751
3659917
3729272
3752836
3846439
3879316
3942469
4013264
4050791
4112433
4142743
4193898
4256835
4318819
4338567
4408304
4450111
4532463
4587067
4599720
4691108
4729144
4808407
4821846
4890479
4969063
5011287
5096751
5162375
5231294
5272711
5325920
5384529
5404843
5473561
5511470
5567371
5669434
5683380
5770540
5798148
5867889
5890109
5995078
6045340
6086387
6110985
6171963
6226724
6283613
6369679
6416884
6460914
6496858
6556975
6612014
6660013
6735919
6807040
6857943
6867930
6967299
7012787
7057425
7082379
7139466
7201838
7274405
7335542
7369438
7407140
7477363
7506442
7563921
7629366
7666914
7721536
7811920
7840689
7883847
7945615
8006950
8046844
8113217
8162563
8191489
8283101
8297521
8358390
8446258
8466926
8558854
8605093
8624248
8676228
8758520
8815774
8843664
8892814
8981060
9039375
9067994
9113971
9198889
9207660
9266406
9387822
9427608
9502249
9560572
9584148
9664269
9688797
9764466
9819030
9869461
9945568
9984136
10026900
10067535
10167525
10210723
10243005
10294893
10384975
10451062
10490843
10524735
10599588
10663660
10687468
10731894
10833491
10847802
10951750
10990024
11026646
11113659
11147333
11207004
11252718
11321607
11339149
11420218
11492538
11521476
11588962
11612600
11702766
11751387
11791574
11834868
11898501
11973216
12034567
12050743
12117427
12175318
12252535
12309369
12337716
12392132
12446978
12526200
12593759
12635617
12712238
12731377
12810293
12834579
12878449
12931668
12998196
13053661
13097462
13169438
13190759
13239004
13294058
13348026
13438462
13491762
13518366
13563526
13639435
13661299
13712364
13783195
13814345
13858332
13961724
14008475
14029382
14078207
14174144
14183276
14259734
14321619
14374826
14410010
14466470
14497926
14563153
14599742
14700213
14728181
14798506
14840827
14895318
14948991
14997040
15049750
15141692
15172960
15257220
15279402
15334346
15403981
15454920
15490718
15588005
15642279
15693580
15730211
15831381
15883286
15903528
15983536
16020476
16100081
16150013
16195943
16218103
16287248
16343905
16367288
16466193
16478342
16534917
16571215
16638225
16697806
16731671
16811901
16845394
16926546
16964873
17034467
17075139
17113673
17207181
17231704
17334022
17384777
17437503
17498408
17608707
17669359
17729832
17787158
17818588
17909726
17928691
18015394
18037255
18080570
18136441
18181914
18276975
18299223
18356172
18441559
18449087
18521909
18593671
18608749
18699370
18776640
18797666
18880153
18909159
18974035
19038192
19074012
19169397
19175619
19272651
19298093
19368093
19380440
19431106
19519209
19574365
19647759
19696380
19720448
19799208
19846819
19864985
19932308
19968868
20043866
20077543
20141290
20190090
20254321
20294928
20337354
20424401
20454027
20529715
20553814
20660745
20670603
20717383
20961616
21017515
21043045
21111561
21179151
21259512
21315265
21378705
21473305
21571857
21701746
21796355
21827393
21873186
21953937
22013703
22030464
22097656
22142721
22199468
22253907
22329833
22419434
22500952
22526316
22696223
22835191
22881265
22899923
22973120
23004048
23083086
23161169
23195784
23248706
23291497
23365352
23433141
23483135
23570544
23597126
23693283
23765280
23801272
23851307
23932607
23990633
24040978
24112261
24168242
24174302
24222489
24309080
24323867
24376945
24436821
24508595
24560457
24601000
24690521
24782560
24806497
24868213
24986314
25003908
25082346
25113234
25169138
25240790
25294580
25322177
25403390
25454514
25516323
25671995
25723771
25783134
53404
88742
160916
196222
265029
301888
414394
449419
492112
590537
643334
757755
785272
836223
915437
927374
978075
1051610
1122621
1220293
1283375
1334100
1404602
1449376
1515789
1571130
1601555
1696749
1732868
1758725
1848487
1894482
1982864
2016913
2217423
2301028
2335039
2364877
2453827
2526848
2550600
2608594
2650204
2742383
2767965
2835130
2931991
2942529
3034054
3038670
3121367
3167252
3243583
3253794
3345721
3380644
3420210
3488028
3548855
3574246
3627378
3670730
3768949
3787876
3886511
3941089
3967794
4004748
4060162
4126168
4172340
4272845
4294998
4355371
4417342
4443805
4494587
4582141
4641469
4663317
4723453
4790520
4859639
4905791
4950159
5003939
5063172
5144801
5181351
5223323
5269927
5339598
5412382
5468401
5520918
5554729
5609560
5650419
5701204
5768713
5800270
5884343
5907356
5959608
6023175
6120767
6212576
6282964
6308153
6390058
6450554
6513660
6582110
6616212
6651308
6699042
6752178
6803592
6882567
6954304
6988424
7048389
7080004
7176405
7217444
7250033
7317386
7375208
7410332
7479870
7569436
7629607
7633582
7684398
7777867
7830271
7844679
7934405
7977530
8032485
8091009
8139285
8231546
8258261
8338832
8374611
8401779
8451027
8521684
8570532
8713780
8761955
8807684
8889891
8915025
9003743
9014167
9104928
9144699
9172872
9223577
9291117
9363576
9424513
9435074
9496717
9557212
9606520
9736256
9807732
9859768
9930948
9953143
10019745
10089404
10132278
10197801
10251138
10280516
10329005
10395128
10435959
10492094
10538559
10589109
10648356
10714275
10746178
10878131
10937281
10990124
11010832
11058288
11126385
11186116
11231409
11299425
11330424
11387703
11457925
11466493
11540745
11581990
11624477
11709611
11773216
11788513
11832673
11893745
11942579
12019135
12050452
12141260
12175406
12245770
12284264
12323812
12360506
12430841
12516565
12549288
12591970
12655949
12703815
12797964
12856617
12904569
12943418
13000924
13058531
13149849
13191009
13233752
13286313
13339031
13425867
13468148
13531549
13599477
13642728
13705894
13764640
13827190
13831152
13927013
13966135
14029086
14068053
14106625
14171833
14212312
14262835
14325795
14378507
14464331
14504363
14541486
14612865
14658360
14710066
14744208
14796394
14901192
14938938
14969799
15018779
15070900
15149650
15189523
15249133
15319886
15375641
15398166
15445665
15502759
15562079
15608816
15655484
15748346
15776995
15864373
15881720
15947806
15978197
16046308
16078707
16174388
16186541
16276718
16308473
16349716
16461254
16485101
16551375
16623887
16627761
16683536
16740048
16789563
16852225
16893008
16971008
17021880
17054331
17154514
17166618
17259363
17265280
17354394
17385998
17426824
17493436
17530196
17614910
17647817
17698872
17742581
17825992
17904412
17912360
17970097
18032619
18090670
18162719
18255525
18285628
18352740
18396958
18447051
18516687
18557526
18602395
18684907
18703437
18775408
18808641
18916993
18936833
19023638
19084741
19122623
19173909
19236560
19287028
19342190
19423383
19479726
19527840
19567732
19589074
19661315
19691129
19760354
19797341
19860996
19952907
19996691
20023518
20113895
20190122
20229734
20256305
20350471
20381235
20467628
20480399
20547760
20617641
20639167
20692276
20746400
20807039
20853428
20939429
20950015
21040344
21100548
21143754
21187404
21233859
21280065
21335934
21430279
21459545
21497165
21597608
21688237
21746853
21768745
21856322
21876391
21981784
22016356
22086493
22129419
22158637
22203689
22295934
22326450
22391392
22424464
22494944
22584662
22594762
22673785
22733745
22781588
22940889
22945730
23031324
23076319
23134373
23177897
23225759
23252378
23317946
23386861
23407144
23468180
23514460
23608729
23640762
23713320
23779775
23810687
23863794
23947617
23987954
24005184
24072407
24149615
24196857
24224469
24288447
24378106
24394143
24452070
24492806
24584151
24630870
24695010
24749677
24803169
24816117
24899887
24911382
24987796
25023064
25063021
25118257
25173841
25260883
25282093
25363783
25391340
25462676
25513622
25540585
25621334
25659159
25746706
25782473
25846209
25898210
25950372
25982555
26038758
26128882
26157631
26231600
26305107
26310485
26394966
26422790
26477351
26527069
26604805
26631359
26681933
26776730
26801316
26873082
26897699
26965441
27034064
27064584
27121905
27164145
27247811
27315552
27331258
27415768
27422138
27502567
27650758
39004
67756
116056
234080
250006
333553
363914
451391
482826
529389
602862
634792
665693
733213
819656
870270
905850
937684
1015503
1078026
1089700
1171073
1209753
1252688
1294737
1347715
1420091
1482268
1514402
1562809
1655016
1693720
1770371
1777587
1839108
1908553
1974799
2024930
2057053
2101288
2146229
2222277
2268976
2321496
2346891
2406874
2464387
2504812
2560037
2612526
2695540
2738641
2802671
2831093
2868185
2926651
2993101
3072160
3074131
3125137
3210359
3253100
3317599
3377503
3422431
3468429
3553472
3556037
3616812
3667172
3749818
3791128
3834025
3914297
3981895
3994909
4036268
4134758
4156925
4232601
4286093
4301689
4345951
4399846
4501088
4524807
4565087
4622335
4659616
4710386
4761495
4836077
4899357
4951244
4978918
5030069
5115318
5149654
5183578
5244007
5284807
5347087
5390064
5450946
5500284
5573821
5618064
5691425
5756464
5786661
5832393
5865093
5921237
6030082
6038648
6142411
6145984
6240840
6258144
6315389
6388082
6454026
6507101
6582730
6595595
6656563
6701512
6770117
6818379
6859104
6920612
7017965
7050846
7123841
7166083
7224997
7264401
7300380
7365223
7434123
7438678
7495647
7561407
7596361
7651521
7718814
7777682
7801568
7862615
7936430
7991149
8020279
8077826
8165536
8203218
8258285
8315712
8345889
8423955
8467545
8518236
8595061
8626698
8648309
8741142
8770197
8846169
8858245
8934274
8989892
9034056
9073360
9156792
9177247
9277080
9278945
9361152
9388287
9439787
9536778
9546684
9607806
9687753
9716223
9766789
9809466
9880135
9906556
9999090
10026178
10089413
10129246
10180765
10217276
10270245
10337291
10390047
10454450
10479266
10526905
10580032
10646629
10718000
10786527
10819926
10846093
10938559
10964773
11016014
11136656
11178337
11226133
11282842
11374191
11381498
11437068
11501401
11585075
11611769
11667322
11715815
11807993
11889199
11895972
11981653
12010113
12077010
12119725
12204836
12210622
12266776
12333186
12391587
12471226
12507605
12551851
12621640
12698734
12758438
12807142
12883889
12973151
13022753
13051474
13088455
13143482
13180871
13347396
13405044
13422224
13505798
13538778
13603127
13639491
13719642
13756472
13831021
13887688
13934989
14002699
14014279
14119005
14162311
14211672
14241134
14339585
14424671
14484013
14495264
14623279
14707436
14730555
14807003
14838109
14921422
14947883
15030553
15077732
15093224
15159232
15227991
15257756
15342160
15364577
15435911
15495659
15569874
15603540
15646831
15715325
15779796
15814917
15862892
15944111
16008609
16028533
16095824
16162416
16207638
16236649
16325491
16331849
16407301
16442956
16528449
16563373
16640086
16675422
16745953
16794025
16833077
16853993
16940831
17006147
17053562
17063420
17162516
17196652
17279475
17311850
17373829
17441920
17474598
17532652
17568869
17624631
17654294
17718960
17761431
17832204
17868742
17950397
18010668
18020019
18158144
18210207
18252179
18297350
18370786
18385407
18468452
18562125
18593202
18644151
18671071
18725356
18787920
18848934
18960228
18975827
19090004
19157612
30380
86622
161402
241982
376671
478966
556918
670825
743850
852348
916385
989686
1088823
1172466
1204777
1263279
1327524
1390834
1433124
1506516
1564732
1630970
1685536
1775657
1789984
1889589
1901651
1994835
2036202
2083706
2143837
2201530
2292014
2318646
2383045
2456946
2505201
2553552
2619518
2672299
2682105
2746961
2813020
2866742
2931388
3012492
3020982
3106610
3148262
3180202
3239810
3294703
3388685
3437289
3476949
3514115
3606387
3641060
3689086
3778019
3823505
3869161
3935181
3967376
4058236
4106969
4161596
4217268
4235466
4285333
4364038
4382740
4437296
4522353
4570228
4613456
4687976
4714097
4787819
4860289
4877654
4946452
4979233
5062789
5126785
5154803
5228988
5253284
5301574
5350547
5428211
5458816
5509754
5582894
5621583
5711349
5717979
5794502
5845822
5904678
5992134
6089352
6141356
6194675
6236232
6326038
6398267
6473905
6529214
6612429
6655606
6675794
6774799
6806980
6829880
6900759
6951104
7004818
7066234
7112299
7205964
7214949
7265659
7359093
7420443
7451301
7539979
7550707
7638895
7692802
7749542
7797830
7879892
7882815
7982110
8035697
8101371
8134607
8197643
8253668
8296556
8319631
8392736
8468267
8498088
8529402
8599210
8655847
8699663
8757085
8818895
8868512
8918414
8975267
9038120
9076168
9176865
9236980
9254758
9330402
9384190
9450761
9498058
9564803
9588142
9687171
9704317
9771699
9816066
9876750
9903994
9982250
10029147
10117174
10121348
10200890
10240267
10299081
10366013
10435783
10458509
10494842
10545226
10624173
10647703
10711097
10779053
10845112
10903686
10928503
10987455
11021191
11082480
11156340
11218058
11257004
11280293
11327472
11390946
11479167
11513194
11544104
11614635
11655157
11705386
11765634
11850732
11863946
11945231
12013344
12053898
12118875
12128554
12216444
12273839
12329253
12343292
12405510
12475489
12543399
12599366
12650575
12698985
12723397
12812198
12860900
12915845
12970050
12979066
13039896
13091630
13152192
13212290
13243580
13294547
13396573
13455079
13491190
13570838
13640956
13691535
13722390
13792163
13843811
13902949
13978677
14017604
14045699
14130180
14144605
14203925
14284160
14321910
14421145
14442511
14501672
14572964
14600209
14664774
14712336
14802508
14857633
14900968
14918180
14997539
15062167
15078461
15133781
15195658
15252610
15284658
15385904
15406583
15467256
15498508
15589585
15623837
15665730
15746276
15798678
15820515
15872514
15970570
15998554
16053981
16113391
16150092
16188944
16265059
16337658
16351140
16409022
16458670
16510880
16558218
16637681
16681041
16744596
16787845
16819559
16917561
16938941
17015703
17095554
17123328
17164105
17237160
17270710
17339165
17387616
17451492
17477498
17540025
17613247
17654757
17687343
17764444
17815682
17892355
17933744
17991505
18006070
18084286
18111098
18161694
18215732
18273871
18346672
18404903
18473023
18493515
18534649
18613777
18665583
18729257
18750176
18815690
18882923
18902279
19000491
19021332
19080400
19174732
19228524
19271707
19303935
19347406
19424223
19475618
19524604
19600340
19637688
19663803
19754827
19779315
19852087
19884457
19961506
20003270
20035064
20104525
20153937
20222298
20287651
20394090
20432779
20506951
20577731
20626410
20689697
20730292
20784115
20820335
20858486
20949053
21004047
21020049
21102236
21168439
21222022
21247368
21389248
21434864
21506820
21529029
21616949
21644484
21702780
21745348
21785866
21831876
21914567
21984343
22023812
22058480
22097569
22183769
22254959
22299294
22382170
22424069
22450676
22505414
22605854
22656467
22691294
22777526
22817683
22845161
22903040
22966849
23005383
23080702
23113770
23165518
23257988
23305776
23351038
23379554
23461338
23507462
23566127
23592382
23676058
23713095
23772101
23834710
23848255
23921533
24013746
24059114
24107072
24161682
24193335
24263568
24305783
24415730
24430838
24483869
51008
99830
162484
226142
275037
354698
365458
483643
520889
561992
606493
651874
743776
756923
856355
893876
919465
996156
1047600
1070852
1120183
1172431
1240337
1285851
1336758
1418018
1462387
1528054
1561410
1613558
1700888
1754800
1807485
1856587
1904817
1946232
1996633
2090818
2124079
2191804
2232786
2279635
2326046
2380822
2423337
2494465
2525476
2574588
2657452
2684521
2726077
2800725
2863719
2908863
2960716
2991415
3047552
3111852
3142464
3197461
3271781
3313904
3350447
3398624
3449232
3503221
3557460
3635379
3689327
3752087
3761470
3842297
3858135
3938493
3998084
4071554
4077680
4136412
4199479
4249852
4323124
4409693
4435652
4505455
4548193
4611513
4651885
4728824
4788428
4794850
4876993
4932751
4958717
5046111
5067733
5160506
5188080
5243213
5309901
5364299
5430852
5449838
5503649
5585763
5622854
5694124
5732812
5802896
5820899
5873713
5943359
5967252
6027030
6097202
6128406
6199008
6230211
6325222
6338589
6444113
6478380
6527620
6601589
6616881
6717055
6766200
6784342
6854560
6888796
6980367
7009890
7038243
7140301
7145648
7230752
7278929
7331246
7391928
7425961
7486346
7563836
7591419
7642638
7707908
7759568
7800828
7859005
7936451
7984413
8065431
8126482
8143171
8246333
8248756
8301438
8367335
8431913
8500486
8516750
8590504
8625361
8715200
8749900
8839357
8864400
8943652
8951049
9010578
9087845
9157107
9198884
9219461
9288312
9361322
9412074
9452878
9481808
9566880
9622592
9662004
9724625
9753035
9823390
9857622
9930879
9992087
10017707
10096737
10145951
10172878
10258753
10306121
10341002
10419798
10437406
10522529
10574666
10598118
10652152
10707571
10767056
10826074
10911934
10920391
10982263
11042665
11086629
11156907
11207406
11253907
11297573
11340530
11434513
11455265
11522142
11547767
11609647
11645164
11743854
11777932
11836824
11859478
11917396
12005490
12046400
12122920
12130656
12225784
12240565
12322604
12390009
12401844
12451746
12514690
12600461
12610472
12670951
12721485
12764211
12844631
12864459
12957680
12973909
13030461
13114870
13130778
13181352
13242926
13335244
13385775
13419685
13478132
13536885
13574243
13613420
13669016
13732618
13767243
13825685
13890767
13939839
13992170
14035658
14087148
14186739
14226336
14255237
14312078
14407387
14432172
14507755
14546467
14571553
14633132
14674008
14728641
14809255
14837987
14913305
14956290
15021502
15058232
15102097
15157325
15217683
15284659
15320668
15370218
15432079
15501980
15574342
15618747
15690043
15701768
15790989
15839102
15892168
15950072
16012962
16047447
16135755
16182195
16233267
16245796
16334363
16382566
16434510
16478680
16550133
16583172
16616392
16700429
16762300
16823142
16864993
16908964
16936195
17036381
17061868
17126956
17149928
17246335
17301122
17323808
17414722
17472675
17498258
17555909
17597267
17674978
17731348
17799686
17811676
17872702
17912901
18004071
18041504
18138592
18200041
18213595
18299246
18323778
18407855
18426335
18479670
18563464
18629673
18656467
18746258
18760800
18830162
18864578
18924757
18991428
19048768
19083062
19144950
19190380
19245986
19326006
19357707
19429150
19453949
19522556
19566271
19620768
19709212
19718840
19769996
19828112
19909061
19966592
20012571
20040160
20104538
20202187
20230025
20305459
20334382
20416916
20443229
20491029
20555537
20608344
20689703
20707388
20763661
20852443
20904724
20948422
21033679
21062412
21114378
21169711
21198612
21260987
21315910
21374409
21465003
21487950
21539366
21602036
21672016
21684640
21737108
21796679
21890617
21896800
21994786
22024793
22101799
22140550
22154202
22240273
22296557
22338423
22376119
22447464
22510289
22581031
22631887
22677166
22705206
22788403
22834189
22872286
22918646
22980722
23022274
23111865
23155889
23168523
23261958
23292798
23393152
23445846
23479595
23543784
23623105
23672288
23712448
12974
76569
167833
234568
280254
414807
458231
526198
571458
609989
665999
717136
804850
822743
886251
916680
1029011
1053529
1141753
1183617
1243896
1286267
1359109
1369469
1441075
1486405
1532293
1617887
1674072
1690666
1748230
1799687
1842717
1918544
1954525
2041203
2059042
2144891
2230287
2259379
2321035
2385621
2416826
2458599
2546412
2573217
2625936
2679427
2742844
2768262
2830255
2905626
2973382
3021613
3054094
3100633
3178858
3236458
3274433
3375152
3410167
3484045
3507234
3632857
3688531
3734678
3764269
3855637
3860546
3915187
3969722
4067801
4085258
4142587
4186199
4258948
4315816
4378975
4404421
4489046
4548382
4596199
4639162
4671236
4754000
4797074
4866267
4909068
5005237
5044008
5087169
5158607
5177804
5292620
5368160
5436051
5466614
5545739
5587806
5634582
5702226
5730718
5797812
5852286
5912326
5963659
5993465
6098013
6114459
6181752
6229046
6289736
6347120
6416431
6471637
6522658
6564131
6607941
6687293
6721593
6787868
6820857
6877174
6934170
6977062
7036438
7107806
7182604
7191822
7257700
7297951
7374127
7447114
7454193
7510946
7581862
7610282
7701992
7744039
7821105
7832864
7877549
7977035
8035575
8085683
8110304
8172126
8215955
8267862
8317606
8416470
8469516
8519714
8547976
8586755
8651006
8732842
8786704
8845144
8865093
8912883
9010339
9021359
9106001
9177255
9195367
9243367
9355174
9358862
9446166
9468592
9518545
9590855
9682191
9687274
9756798
9789844
9857128
9922276
9949679
10027778
10061886
10123240
10211859
10214721
10301981
10361239
10382892
10474538
10526767
10583021
10613566
10699634
10751978
10803556
10820285
10901677
10954654
11003594
11056608
11096769
11175116
11221405
11241017
11316463
11352346
11430593
11444341
11539617
11593374
11607494
11673383
11714833
11780993
11857317
11897834
11928504
11982357
12041785
12072780
12122907
12184486
12262595
12310096
12329605
12390596
12453057
12484187
12555181
12630853
12686324
12760852
12826022
12860340
12930427
12980795
13054027
13083757
13149990
13210623
13258395
13304541
13336977
13407193
13475662
13516456
13575531
13635848
13683213
13748844
13765698
13853661
13894906
13940360
13999778
14044128
14110252
14151814
14194661
14267501
14325210
14361463
14454306
14505002
14534744
14651586
14701517
14753355
14788738
14855768
14911408
14938956
14983322
15077982
15139222
15198912
15255853
15333274
15377590
15396473
15492296
15529978
15599772
15631563
15710321
15738396
15798370
15827196
15897565
15957796
16017978
16062699
16124100
16159432
16183302
16240590
16291131
16375519
16396289
16464309
16555645
16563807
16637372
16710081
16733270
16809679
16864484
16908788
16955140
17040647
17098135
17150806
17205619
17225177
17278628
17366324
17391262
17437860
17477321
17554211
17583069
17681238
17715101
17785057
17828703
17850190
17898670
17995411
18053072
18137192
18152976
18236096
18262542
18318092
18358937
18459019
18476724
18514431
18571455
18647372
18684276
18774270
18789538
18837535
18929839
18959031
19004354
19066591
19127964
19201593
19206554
19260906
19346306
19367591
19441323
19511446
19542093
19593716
19684089
19687627
19769192
19813323
19869572
19914023
19988017
20050416
20097272
20130563
20211902
20218835
20307840
20369516
20376143
20459123
20486100
20562399
20626025
20658618
20728323
20755034
20790241
20880769
20939974
20997326
20999745
21090407
21151539
21203474
21237481
21304577
21361063
21398976
21460319
21546011
21548859
21648023
21659152
21706522
21757686
21847955
21911513
21922738
22001740
22053496
22095708
22132063
22226040
22236800
22319583
22341051
22468704
22487147
22540702
22593093
22678433
22693165
22754186
22803218
22881923
22914590
22950980
23020332
23065488
23130661
23194946
23241270
23266651
23367010
23417654
23441448
23479838
23542134
23635946
23637675
23734249
23781374
23848504
23865958
23912650
23969341
24063631
24085734
24176821
24205650
24248647
24312937
24363911
24468838
24504061
24697290
24704096
24796690
24810714
24902741
24936666
25025840
25060363
25116238
25236797
25300747
25330174
25390910
25488643
25552960
25625302
25644540
25693695
25784330
25830338
25897890
25974434
25987679
26043416
26088142
26154021
26202795
26260215
26334954
26369621
26414873
26475868
26513432
26599551
26625045
26716729
26730166
26778522
26858837
26898570
26945013
27005469
27060838
27124106
27177804
27263562
27341311
27408696
27446325
27521809
27535826
27628527
27654582
27693748
27761116
27798326
27880585
27952781
28003302
28033063
28112833
28160882
28242040
28302267
28360797
28439782
28470647
28514104
28567120
28621944
265
78030
157744
181011
229170
298429
351300
469021
490546
587383
629355
670821
727706
797565
855264
887480
931237
1013105
1054566
1104342
1157894
1202618
1284767
1331530
1381499
1438726
1495507
1529508
1572266
1641261
1673619
1750123
1795846
1859819
1917947
1943182
2036107
2079328
2119640
2146854
2231959
2264218
2303161
2400432
2408446
2504841
2550047
2581907
2610109
2709478
2718727
2785359
2863915
2886463
2940859
2997745
3080604
3089862
3183942
3217669
3275834
3295632
3364280
3446753
3495470
3533181
3570192
3617224
3705863
3754045
3768995
3839264
3888241
3954453
4014849
4057526
4095026
4162039
4239931
4273417
4326815
4348409
4417157
4462791
4517896
4579033
4638428
4686866
4796844
4829254
4878171
4970084
4996725
5075165
5129425
5175877
5242912
5290821
5299861
5384725
5423819
5482322
5530423
5567345
5662693
5691501
5742458
5778550
5880203
5902733
5935820
6000804
6048567
6143989
6165430
6229198
6275654
6349829
6368479
6458281
6490330
6555030
6573247
6644493
6683473
6753196
6854731
6862160
6926738
7001180
7035817
7082189
7127190
7193043
7245882
7295482
7369052
7413523
7433356
7510351
7558707
7610707
7661737
7711387
7782042
7825921
7882600
7909317
7978434
8039838
8074020
8162940
8188928
8296919
8350420
8371628
8417607
8502674
8544109
8571161
8620148
8700896
8755002
8814960
8879251
8891658
8971550
8992330
9066764
9126584
9178281
9241415
9303774
9321969
9387040
9468962
9484931
9573957
9633594
9665648
9703836
9757254
9819049
9894684
9927352
9973752
10035021
10072224
10172170
10219866
10233775
10304252
10336505
10424420
10497650
10552574
10589289
10653588
10687984
10757450
10798401
10842131
10932258
10952918
11024204
11052444
11136844
11173061
11211319
11263102
11340706
11375800
11465924
11476078
11552982
11588061
11671666
11717832
11761397
11817231
11880281
11955299
11982001
12033379
12108804
12157003
12224659
12308397
12355063
12381688
12423681
12481094
12519988
12570441
12643148
12701230
12754398
12854709
12904045
12936511
12977508
13049251
13080279
13177781
13230569
13264746
13332292
13340640
13423425
13500117
13532614
13574736
13630582
13688519
13728017
13820926
13840585
24346
117949
162585
224186
236144
310918
379180
417457
515044
546659
570832
670564
689455
763822
812795
840023
920592
959481
1007416
1076473
1143602
1179305
1227761
1284590
1342417
1360335
1423646
1455634
1545427
1570277
1644338
1682468
1751933
1829941
1873291
1924026
1944831
2015684
2039973
2101995
2181616
2227496
2320505
2365964
2419478
2456527
2521561
2568163
2660272
2720295
2770430
2781635
2856919
2912298
2956472
3006933
3077109
3100789
3130766
3201294
3232806
3329279
3334347
3403988
3445851
3510169
3551356
3609708
3675591
3741496
3774046
3822498
3874930
3927414
3975171
4051436
4103715
4141201
4217285
4264805
4312849
4357488
4445221
4462434
4562608
4598121
4633569
4714777
4769444
4799129
4909200
4963205
4996240
5030315
5075928
5144901
5197059
5259255
5311460
5381824
5413292
5463295
5559706
5571448
5630428
5706980
5718425
5801571
5885583
5944586
5957748
6030977
6056855
6134482
6197833
6229926
6304467
6338830
6415779
6479801
6495390
6556789
6607112
6653330
6702877
6777604
6843460
6862686
6934489
6969465
7074975
7130430
7156867
7209345
7283580
7350554
7361409
7429448
7478127
7571695
7594279
7654088
7731952
7738400
7827159
7871266
7912876
7950101
8025142
8050251
8126992
8165680
8206324
8268799
8340445
8378556
8441782
8525360
8565425
8598744
8642556
8734797
8743031
8824989
8847313
8941958
8978823
9032423
9081526
9110381
9159872
9232637
9307824
9334968
9367120
9453030
9477866
9522629
9619188
9657082
9726192
9775416
9783727
9875461
9908197
9975472
10002510
10051065
10144030
10186892
10252534
10283153
10328122
10396360
10459072
10506012
10554806
10624957
10720275
10746779
10831553
10861918
10919779
10965126
11046761
11086701
11154765
11210613
11226046
11287661
11331439
11405475
11464958
11507718
11553444
11633055
11666614
11731536
11782403
11824318
11890840
11924222
11980066
12044798
12087512
12192114
12233074
12273824
12345405
12396945
12434029
12525498
12535242
12592922
12669201
12728764
12763899
12801278
12900779
12909042
12966357
13019514
13073937
13133823
13190020
13280181
13334114
13375749
13407076
13449505
13540238
13573579
13656399
13732990
13753074
13802908
13876609
13900998
13972940
14095611
14142959
14258065
14322301
14392272
14430236
14483502
14548909
14627748
14640705
14696203
14767499
14832876
14915965
14946660
14999217
15057884
15091128
15157545
15222415
15281922
15325844
15369679
15456998
15491122
15577304
15624311
15644854
15727791
15760313
15823076
15858349
15951594
15966482
16014368
16068456
16165610
16201079
16253640
16332867
16350962
16442123
16476540
16523657
16586476
16638435
16696294
16725843
16829462
16868958
16901655
16970406
17028520
17081013
17167380
17200102
17231411
17287473
17351152
17387426
17476333
17537594
17618621
17662917
17713267
17778580
17824242
17871856
17909106
17986180
18012258
18070727
18106844
72672
138535
181636
225300
316162
335186
385282
451740
536581
550368
623207
666667
721951
746967
827133
899961
911825
1027916
1081997
1166454
1208934
1270629
1346011
1372675
1464672
1493995
1565802
1638790
1697367
1732168
1802437
1858754
1907991
1971491
2022204
2050886
2114812
2138847
2222406
2244958
2323761
2380045
2408102
2474205
2527864
2614443
2641600
2695013
2762300
2774244
2872294
2895569
2944323
3031668
3047235
3138635
3165242
3232250
3292110
3300528
3379170
3433409
3555001
3592241
3631940
3690289
3757506
3813970
3884138
3896650
3948514
4055906
4107853
4144940
4217055
4224142
4313555
4349500
4422855
4443253
4521232
4551076
4594953
4647037
4698703
4738104
4820858
4886366
4949394
4962765
5025758
5085588
5145453
5179734
5230651
5290919
5395422
5399484
5462342
5556201
5599170
5661546
5681509
5752379
5787763
5838531
5929606
5973320
5990066
6075407
6136593
6173806
6235393
6297580
6344554
6376836
6477896
6498239
6540731
6641095
6684562
6699464
6792268
6818318
6870760
6935995
7003918
7116008
7140117
7224643
7281393
7322240
7335434
7433306
7465701
7520622
7544479
7606541
7668070
7723837
7794349
7827404
7942363
7947327
8042882
8061783
8103324
8169033
8215229
8317780
8342474
8424125
8486697
8536593
8589483
8622633
8705349
8719256
8811743
8865123
8896539
8953285
8994521
9048553
9133151
9171649
9253817
9275394
9346070
9394924
9476131
9531662
9565641
9598776
9732601
9756611
9790103
9869980
9943814
9952856
10023055
10075335
10141005
10157436
10228108
10281811
10369768
10425154
10479775
10503439
10563757
10605975
10662017
10719860
10760048
10845324
10885147
10921376
10984015
11029255
11073594
11133730
11178162
11247299
11290057
11354717
11445442
11490460
11539230
11591413
11626334
11674338
11769638
11783679
11845693
11915699
11997857
12011505
12111631
12121231
12177842
12262612
12307074
12336552
12406465
12451728
12502308
12563133
12619267
12684105
12717460
12766432
12848820
12873388
12973670
12988904
13037121
13124957
13158221
13235179
13303311
13330607
13396411
13441676
13537956
13584161
13617023
13663673
13722799
13803321
13824367
13916166
13990504
14047080
14061457
14124439
14205761
14249295
14338981
14361128
14413575
14482079
14556644
14623140
14700469
14748504
14771850
14817432
14908570
14954647
15002932
15177089
15234262
15238534
15298260
15394290
15451005
15475119
15513558
15575955
15659944
15685403
15738828
15786453
15838158
15911437
15979568
16027367
16082827
16135552
16189992
16251255
16264104
16356219
16402138
16414144
16514833
16561340
16584058
16665367
16744879
16780568
16816855
16876312
16925985
16997763
17025361
17108604
17161024
17203564
17237392
17329720
17377768
17406601
17476471
17511124
17592650
17655540
17717788
17759932
17814836
17888760
17903548
17948327
18046478
18057382
18151040
18166386
18244736
18264030
18328400
18387554
18449912
18508041
18571925
18600405
18660073
18686487
18742318
18795852
18854400
18952085
19034774
19076052
19143590
19193262
19243479
19305657
19344977
19393795
19475592
19564850
19565453
19631844
19717154
19760310
19810591
